structure(list(country = structure(c(1L, 1L, 1L, 1L, 1L, 1L, 
1L, 1L, 1L, 1L, 1L, 1L, 2L, 2L, 2L, 2L, 2L, 2L, 2L, 2L, 2L, 2L, 
2L, 2L, 3L, 3L, 3L, 3L, 3L, 3L, 3L, 3L, 3L, 3L, 3L, 3L, 4L, 4L, 
4L, 4L, 4L, 4L, 4L, 4L, 4L, 4L, 4L, 4L, 5L, 5L, 5L, 5L, 5L, 5L, 
5L, 5L, 5L, 5L, 5L, 5L, 6L, 6L, 6L, 6L, 6L, 6L, 6L, 6L, 6L, 6L, 
6L, 6L), .Label = c("China", "Germany", "Italy", "Japan", "United Kingdom", 
"United States"), class = "factor"), year = c(1952L, 1957L, 1962L, 
1967L, 1972L, 1977L, 1982L, 1987L, 1992L, 1997L, 2002L, 2007L, 
1952L, 1957L, 1962L, 1967L, 1972L, 1977L, 1982L, 1987L, 1992L, 
1997L, 2002L, 2007L, 1952L, 1957L, 1962L, 1967L, 1972L, 1977L, 
1982L, 1987L, 1992L, 1997L, 2002L, 2007L, 1952L, 1957L, 1962L, 
1967L, 1972L, 1977L, 1982L, 1987L, 1992L, 1997L, 2002L, 2007L, 
1952L, 1957L, 1962L, 1967L, 1972L, 1977L, 1982L, 1987L, 1992L, 
1997L, 2002L, 2007L, 1952L, 1957L, 1962L, 1967L, 1972L, 1977L, 
1982L, 1987L, 1992L, 1997L, 2002L, 2007L), pop = c(556263527.999989, 
637408000, 665770000, 754550000, 862030000, 943455000, 1000281000, 
1084035000, 1164970000, 1230075000, 1280400000, 1318683096, 69145952, 
71019069, 73739117, 76368453, 78717088, 78160773, 78335266, 77718298, 
80597764, 82011073, 82350671, 82400996, 47666000, 49182000, 50843200, 
52667100, 54365564, 56059245, 56535636, 56729703, 56840847, 57479469, 
57926999, 58147733, 86459025, 91563009, 95831757, 100825279, 
107188273, 113872473, 118454974, 122091325, 124329269, 125956499, 
127065841, 127467972, 50430000, 51430000, 53292000, 54959000, 
56079000, 56179000, 56339704, 56981620, 57866349, 58808266, 59912431, 
60776238, 157553000, 171984000, 186538000, 198712000, 209896000, 
220239000, 232187835, 242803533, 256894189, 272911760, 287675526, 
301139947), continent = structure(c(2L, 2L, 2L, 2L, 2L, 2L, 2L, 
2L, 2L, 2L, 2L, 2L, 3L, 3L, 3L, 3L, 3L, 3L, 3L, 3L, 3L, 3L, 3L, 
3L, 3L, 3L, 3L, 3L, 3L, 3L, 3L, 3L, 3L, 3L, 3L, 3L, 2L, 2L, 2L, 
2L, 2L, 2L, 2L, 2L, 2L, 2L, 2L, 2L, 3L, 3L, 3L, 3L, 3L, 3L, 3L, 
3L, 3L, 3L, 3L, 3L, 1L, 1L, 1L, 1L, 1L, 1L, 1L, 1L, 1L, 1L, 1L, 
1L), .Label = c("Americas", "Asia", "Europe"), class = "factor"), 
    lifeExp = c(44, 50.54896, 44.50136, 58.38112, 63.11888, 63.96736, 
    65.525, 67.274, 68.69, 70.426, 72.028, 72.961, 67.5, 69.1, 
    70.3, 70.8, 71, 72.5, 73.8, 74.847, 76.07, 77.34, 78.67, 
    79.406, 65.94, 67.81, 69.24, 71.06, 72.19, 73.48, 74.98, 
    76.42, 77.44, 78.82, 80.24, 80.546, 63.03, 65.5, 68.73, 71.43, 
    73.42, 75.38, 77.11, 78.67, 79.36, 80.69, 82, 82.603, 69.18, 
    70.42, 70.76, 71.36, 72.01, 72.76, 74.04, 75.007, 76.42, 
    77.218, 78.471, 79.425, 68.44, 69.49, 70.21, 70.76, 71.34, 
    73.38, 74.65, 75.02, 76.09, 76.81, 77.31, 78.242), gdpPercap = c(400.448610699994, 
    575.9870009, 487.6740183, 612.7056934, 676.9000921, 741.2374699, 
    962.4213805, 1378.904018, 1655.784158, 2289.234136, 3119.280896, 
    4959.114854, 7144.114393, 10187.82665, 12902.46291, 14745.62561, 
    18016.18027, 20512.92123, 22031.53274, 24639.18566, 26505.30317, 
    27788.88416, 30035.80198, 32170.37442, 4931.404155, 6248.656232, 
    8243.58234, 10022.40131, 12269.27378, 14255.98475, 16537.4835, 
    19207.23482, 22013.64486, 24675.02446, 27968.09817, 28569.7197, 
    3216.956347, 4317.694365, 6576.649461, 9847.788607, 14778.78636, 
    16610.37701, 19384.10571, 22375.94189, 26824.89511, 28816.58499, 
    28604.5919, 31656.06806, 9979.508487, 11283.17795, 12477.17707, 
    14142.85089, 15895.11641, 17428.74846, 18232.42452, 21664.78767, 
    22705.09254, 26074.53136, 29478.99919, 33203.26128, 13990.48208, 
    14847.12712, 16173.14586, 19530.36557, 21806.03594, 24072.63213, 
    25009.55914, 29884.35041, 32003.93224, 35767.43303, 39097.09955, 
    42951.65309), leader = structure(c(1L, 1L, 1L, 1L, 1L, 1L, 
    1L, 1L, 1L, 1L, 1L, 1L, 2L, 2L, 2L, 2L, 2L, 2L, 2L, 2L, 2L, 
    2L, 2L, 2L, 3L, 3L, 3L, 3L, 3L, 3L, 3L, 3L, 3L, 3L, 3L, 3L, 
    4L, 4L, 4L, 4L, 4L, 4L, 4L, 4L, 4L, 4L, 4L, 4L, 5L, 5L, 5L, 
    5L, 5L, 5L, 5L, 5L, 5L, 5L, 5L, 5L, 6L, 6L, 6L, 6L, 6L, 6L, 
    6L, 6L, 6L, 6L, 6L, 6L), .Label = c("Chiang Kai-shek", "Hitler", 
    "Mussolini", "Hideki Tojo", "Churchill", "Roosevelt"), class = "factor")), class = "data.frame", .Names = c("country", 
"year", "pop", "continent", "lifeExp", "gdpPercap", "leader"), row.names = c(NA, 
-72L))
